1.97979
3.93895
3.93895
5.85612
5.85612
5.8981
7.72981
7.72981
7.81527
7.81527
9.55834
9.55834
9.68897
9.68897
9.73245
11.3398
11.3398
11.5175
11.5175
11.6061
11.6061
13.0719
13.0719
13.2989
13.2989
13.4347
13.4347
13.4798
14.7521
14.7521
15.0311
15.0311
15.2161
15.2161
15.3084
15.3084
16.3773
16.3773
16.7113
16.7113
16.9482
16.9482
17.0898
17.0898
17.1369
17.9438
17.9438
18.3365
18.3365
18.6284
18.6284
18.8219
18.8219
18.9183
18.9183
19.4466
19.4466
19.9029
19.9029
20.2537
20.2537
20.5021
20.5021
20.6504
20.6504
20.6998
20.8799
20.8799
21.4058
21.4058
21.8201
21.8201
22.1273
22.1273
22.2335
22.2335
22.3307
22.3307
22.4319
22.4319
22.839
22.839
23.323
23.323
23.5048
23.5048
23.6938
23.6938
23.9559
23.9559
24.1121
24.1121
24.164
24.1926
24.1926
24.6043
24.6043
24.7562
24.7562
25.1967
25.1967
25.4639
25.4639
25.5223
25.5223
25.7373
25.7373
25.8036
25.8036
25.8442
25.8442
26.1098
26.1098
26.226
26.226
26.5635
26.5635
26.6299
26.6299
27.0252
27.0252
27.3037
27.3037
27.3811
27.3811
27.4694
27.4694
27.5244
27.7627
27.7627
27.9835
27.9835
28.0989
28.0989
28.1269
28.1269
28.1852
28.1852
28.4584
28.4584
28.4806
28.4806
28.8066
28.8066
29.0359
29.0359
29.1497
29.1497
29.2548
29.2548
29.6799
29.6799
29.812
29.812
30.058
30.058
30.0861
30.0861
30.1023
30.1023
30.2399
30.2399
30.3543
30.3543
30.5387
30.5387
30.7161
30.7161
30.7749
30.7837
30.7837
30.7843
30.7843
31.0833
31.0833
31.5536
31.5536
31.5934
31.5934
31.972
31.972
31.9752
31.9752
31.976
31.976
32.0033
32.0033
32.1829
32.1829
32.219
32.219
32.3413
32.3413
32.7429
32.7429
32.7435
32.7435
32.8648
32.8648
33.3256
33.3256
33.3821
33.3821
33.6522
33.6522
33.8046
33.8046
33.8442
33.8442
33.8489
33.8489
33.8769
33.8769
33.8981
33.8981
33.8981
33.8981
33.9077
33.9643
33.9643
34.5969
34.5969
34.6601
34.6601
34.6606
34.6606
35.0058
35.0058
35.1635
35.1635
35.2774
35.2774
35.4106
35.4106
35.586
35.586
35.6774
35.6774
35.6964
35.6964
35.7055
35.7055
35.8572
35.8572
35.8572
35.8572
36.2771
36.2771
36.5337
36.5337
36.5343
36.5343
36.631
36.631
36.8439
36.8439
36.8957
36.8957
36.9135
37.3181
37.3181
37.3766
37.3766
37.4004
37.4004
37.4004
37.4004
37.4589
37.4589
37.4869
37.4869
37.7744
37.7744
37.7744
37.7744
37.9023
37.9023
38.1974
38.1974
38.3467
38.3467
38.3623
38.3623
38.3629
38.3629
38.5759
38.5759
38.9983
38.9983
39.0018
39.0018
39.191
39.191
39.219
39.219
39.3595
39.3595
39.3595
39.3595
39.4687
39.4687
39.6481
39.6481
39.6481
39.6481
39.7003
39.7003
39.78
40.1437
40.1437
40.1443
40.1443
40.2011
40.2011
40.5683
40.5683
40.6235
40.6235
40.8712
40.8712
40.8993
40.8993
40.9716
40.9716
41.1336
41.1336
41.2661
41.2661
41.2661
41.2661
41.2767
41.2767
41.2767
41.2767
41.4766
41.4766
41.4766
41.4766
41.7675
41.7675
41.8758
41.8758
41.8764
41.8764
42.0711
42.0711
42.19
42.19
42.4049
42.4049
42.4871
42.4964
42.4964
42.5245
42.5245
43.1504
43.1504
43.1504
43.1504
43.2253
43.2253
43.2253
43.2253
43.258
43.258
43.258
43.258
43.2704
43.2704
43.5044
43.5044
43.556
43.556
43.5566
43.5566
43.6929
43.6929
43.7584
43.7584
44.0628
44.0628
44.0909
44.0909
44.7037
44.7037
44.858
44.858
44.9789
44.9789
44.9789
44.9789
44.9902
44.9902
44.9902
44.9902
45.0298
45.1261
45.1261
45.1425
45.1425
45.1425
45.1425
45.1813
45.1813
45.1818
45.1818
45.4816
45.4816
45.4816
45.4816
45.5657
45.5657
45.5938
45.5938
46.0572
46.0572
46.1293
46.1293
46.4797
46.4797
46.6704
46.6704
46.6704
46.6704
46.7477
46.7477
46.7483
46.7483
46.7603
46.7603
46.7603
46.7603
46.999
46.999
47.0162
47.0162
47.0162
47.0162
47.027
47.027
47.2288
47.3285
47.3285
47.4408
47.4408
47.4408
47.4408
47.751
47.751
48.2506
48.2506
48.2511
48.2511
48.2956
48.2956
48.2956
48.2956
48.3525
48.3525
48.3806
48.3806
48.4281
48.4281
48.4925
48.4925
48.4925
48.4925
48.8447
48.8447
48.8447
48.8447
48.8505
48.8505
49.3579
49.3579
49.3579
49.3579
49.6239
49.6239
49.6273
49.6519
49.6519
49.6838
49.6838
49.6844
49.6844
49.862
49.862
49.862
49.862
50.0383
50.0383
50.0383
50.0383
50.0498
50.0498
50.1727
50.1727
50.1727
50.1727
50.4722
50.6261
50.6261
50.6261
50.6261
50.7234
50.7234
50.7514
50.7514
51.0374
51.0374
51.038
51.038
51.2316
51.2316
51.2316
51.2316
51.3649
51.3649
51.3649
51.3649
51.7979
51.7979
51.7979
51.7979
51.9226
51.9226
51.9507
51.9507
51.9975
51.9975
51.9975
51.9975
52.3087
52.3087
52.3093
52.3093
52.3451
52.3451
52.3582
52.3582
52.3582
52.3582
52.3731
52.3731
52.7982
52.7982
52.7982
52.7982
53.0602
53.0602
53.0602
53.0602
53.3643
53.3643
53.3643
53.3643
53.4082
53.4082
53.4088
53.4088
53.9147
53.9147
53.9147
53.9147
54.0385
54.0385
54.0385
54.0385
54.1517
54.1517
54.1517
54.1517
54.2179
54.246
54.246
54.2741
54.6075
54.6075
54.6081
54.6081
54.8416
54.8416
54.8416
54.8416
54.8672
54.8672
54.8672
54.8672
54.9308
54.9308
54.9308
54.9308
55.0299
55.0299
55.0305
55.0305
55.423
55.423
55.4231
55.4231
55.6637
55.6637
55.6637
55.6637
55.7884
55.7884
55.7884
55.7884
56.3005
56.3005
56.3005
56.3005
56.5226
56.5226
56.5226
56.5226
56.5737
56.5737
56.5737
56.5737
56.8899
56.8899
56.8899
56.8899
56.9028
56.9028
56.9034
56.9034
56.9309
56.9309
56.9314
56.9314
57.2301
57.2301
57.2301
57.2301
57.6169
57.6169
57.6169
57.6169
57.654
57.654
57.654
57.654
57.7218
57.7218
57.7218
57.7218
58.1443
58.1443
58.1443
58.1443
58.2539
58.2539
58.2539
58.2539
58.733
58.733
58.733
58.733
58.8071
58.8071
58.8071
58.8071
58.9253
58.9253
58.9253
58.9253
59.3983
59.3983
59.3983
59.3983
59.5877
59.5882
59.5882
59.5888
59.8792
59.8792
59.8792
59.8792
60.0171
60.0171
60.0171
60.0171
60.0249
60.0249
60.0249
60.0249
60.0452
60.0452
60.0452
60.0452
60.1551
60.1551
60.1551
60.1551
60.1662
60.1662
60.1662
60.1662
60.6808
60.6808
60.6808
60.6808
61.1304
61.1304
61.1304
61.1304
61.2241
61.2241
61.2241
61.2241
61.4456
61.4456
61.4456
61.4456
61.5198
61.5198
61.5198
61.5198
61.6466
61.6466
61.6466
61.6466
62.1143
62.1143
62.1143
62.1143
62.5093
62.5093
62.5093
62.5093
62.702
62.702
62.702
62.702
62.7026
62.7026
62.7026
62.7026
62.7911
62.7911
62.7911
62.7911
62.8107
62.8107
62.8107
62.8107
62.9485
62.9485
62.9485
62.9485
63.5194
63.5194
63.5194
63.5194
63.5475
63.5475
63.5475
63.5475
63.8906
63.8906
63.8906
63.8906
64.0314
64.0314
64.0314
64.0314
64.2908
64.2908
64.2908
64.2908
64.3817
64.3817
64.3817
64.3817
64.4359
64.4359
64.4359
64.4359
65.0899
65.0899
65.0899
65.0899
65.5124
65.5124
65.5124
65.5124
65.7087
65.7087
65.7087
65.7087
65.7353
65.7353
65.7353
65.7353
65.8163
65.8163
65.8163
65.8163
65.9051
65.9051
65.9051
65.9051
66.0023
66.0023
66.0023
66.0023
66.0229
66.0229
66.0229
66.0229
66.2043
66.2043
66.2043
66.2043
66.2049
66.2049
66.2049
66.2049
67.0066
67.0066
67.0066
67.0066
67.3852
67.3852
67.3852
67.3852
67.4133
67.4133
67.4133
67.4133
67.5052
67.5052
67.5052
67.5052
67.6678
67.6678
67.6678
67.6678
67.7031
67.7031
67.7031
67.7031
67.7337
67.7337
67.7337
67.7337
68.1061
68.1061
68.1061
68.1061
68.9384
68.9384
68.9384
68.9384
69.3054
69.3054
69.3054
69.3054
69.3186
69.3186
69.3186
69.3186
69.3186
69.3186
69.3186
69.3186
69.3283
69.3283
69.3283
69.3283
69.5151
69.5151
69.5151
69.5151
69.585
69.585
69.585
69.585
69.7278
69.7278
69.7278
69.7278
70.0701
70.0701
70.0701
70.0701
70.0706
70.0706
70.0706
70.0706
70.292
70.292
70.292
70.292
70.8947
70.8947
70.8947
70.8947
71.2472
71.2472
71.2472
71.2472
71.4587
71.4587
71.4587
71.4587
71.5633
71.5633
71.5633
71.5633
71.5896
71.5896
71.5896
71.5896
71.6007
71.6007
71.6007
71.6007
71.6288
71.6288
71.6288
71.6288
72.3976
72.3976
72.3976
72.3976
72.6629
72.6629
72.6629
72.6629
72.8209
72.8209
72.8209
72.8209
72.9274
72.9274
72.9274
72.9274
73.1844
73.1844
73.1844
73.1844
73.1844
73.1844
73.1844
73.1844
73.2872
73.2872
73.2872
73.2872
73.5487
73.5487
73.5487
73.5487
73.8309
73.8309
73.8309
73.8309
73.8621
73.8621
73.8621
73.8621
74.2846
74.2846
74.2846
74.2846
74.2855
74.2855
74.2855
74.2855
74.2861
74.2861
74.2861
74.2861
74.5527
74.5527
74.5527
74.5527
75.0687
75.0687
75.0687
75.0687
75.1844
75.1844
75.1844
75.1844
75.4659
75.4659
75.4659
75.4659
76.1191
76.1191
76.1191
76.1191
76.1574
76.1574
76.1574
76.1574
76.1855
76.1855
76.1855
76.1855
76.4558
76.4558
76.4558
76.4558
76.6867
76.6867
76.6867
76.6867
76.6867
76.6867
76.6867
76.6867
76.8008
76.8008
76.8008
76.8008
77.3396
77.3396
77.3396
77.3396
77.3999
77.3999
77.3999
77.3999
77.3999
77.3999
77.3999
77.3999
77.5553
77.5553
77.5553
77.5553
77.622
77.622
77.622
77.622
77.7969
77.7969
77.7969
77.7969
78.481
78.481
78.481
78.481
78.7545
78.7545
78.7545
78.7545
78.8423
78.8423
78.8423
78.8423
78.8429
78.8429
78.8429
78.8429
79.0552
79.0552
79.0552
79.0552
79.1681
79.1681
79.1681
79.1681
79.177
79.177
79.177
79.177
79.756
79.756
79.756
79.756
80.1062
80.1062
80.1062
80.1062
80.4088
80.4088
80.4088
80.4088
80.5525
80.5525
80.5525
80.5525
80.9022
80.9022
80.9022
80.9022
80.9022
80.9022
80.9022
80.9022
80.9495
80.9495
80.9495
80.9495
81.0499
81.0499
81.0499
81.0499
81.0779
81.0779
81.0779
81.0779
81.6727
81.6727
81.6727
81.6727
81.6732
81.6732
81.6732
81.6732
81.6801
81.6801
81.6801
81.6801
81.9566
81.9566
81.9566
81.9566
81.9566
81.9566
81.9566
81.9566
82.6817
82.6817
82.6817
82.6817
82.7796
82.7796
82.7796
82.7796
83.1755
83.1755
83.1755
83.1755
83.5469
83.5469
83.5469
83.5469
83.7347
83.7347
83.7347
83.7347
83.7353
83.7353
83.7353
83.7353
83.9789
83.9789
83.9789
83.9789
84.3392
84.3392
84.3392
84.3392
84.3619
84.3619
84.3619
84.3619
84.4013
84.4013
84.4013
84.4013
84.6088
84.6088
84.6088
84.6088
84.768
84.768
84.768
84.768
84.768
84.768
84.768
84.768
85.3754
85.3754
85.3754
85.3754
85.4589
85.4589
85.4589
85.4589
85.4589
85.4589
85.4589
85.4589
85.9624
85.9624
85.9624
85.9624
85.9871
85.9871
85.9871
85.9871
86.2742
86.2742
86.2742
86.2742
86.2983
86.2983
86.2983
86.2983
86.3023
86.3023
86.3023
86.3023
86.849
86.849
86.849
86.849
86.849
86.849
86.849
86.849
87.1568
87.1568
87.1568
87.1568
87.2337
87.2337
87.2337
87.2337
87.5535
87.5535
87.5535
87.5535
88.2155
88.2155
88.2155
88.2155
88.3332
88.3332
88.3332
88.3332
88.889
88.889
88.889
88.889
88.9591
88.9591
88.9591
88.9591
88.9596
88.9596
88.9596
88.9596
88.9834
88.9834
88.9834
88.9834
89.0564
89.0564
89.0564
89.0564
89.3247
89.3247
89.3247
89.3247
89.3247
89.3247
89.3247
89.3247
89.5325
89.5325
89.5325
89.5325
89.9549
89.9549
89.9549
89.9549
90.0892
90.0892
90.0892
90.0892
90.3513
90.3513
90.3513
90.3513
90.3513
90.3513
90.3513
90.3513
90.4897
90.4897
90.4897
90.4897
90.5692
90.5692
90.5692
90.5692
91.3156
91.3156
91.3156
91.3156
91.8278
91.8278
91.8278
91.8278
91.8432
91.8432
91.8432
91.8432
91.8558
91.8558
91.8558
91.8558
91.9177
91.9177
91.9177
91.9177
92.0734
92.0734
92.0734
92.0734
92.0734
92.0734
92.0734
92.0734
92.1944
92.1944
92.1944
92.1944
93.1146
93.1146
93.1146
93.1146
93.2747
93.2747
93.2747
93.2747
93.5402
93.5402
93.5402
93.5402
93.5402
93.5402
93.5402
93.5402
93.6992
93.6992
93.6992
93.6992
93.7608
93.7608
93.7608
93.7608
94.2141
94.2141
94.2141
94.2141
94.2171
94.2171
94.2171
94.2171
94.2171
94.2171
94.2171
94.2171
94.5126
94.5126
94.5126
94.5126
94.5132
94.5132
94.5132
94.5132
95.1919
95.1919
95.1919
95.1919
95.2637
95.2637
95.2637
95.2637
95.4133
95.4133
95.4133
95.4133
95.4313
95.4313
95.4313
95.4313
95.5757
95.5757
95.5757
95.5757
95.5757
95.5757
95.5757
95.5757
95.8358
95.8358
95.8358
95.8358
96.697
96.697
96.697
96.697
97.0656
97.0656
97.0656
97.0656
97.1115
97.1115
97.1115
97.1115
97.627
97.627
97.627
97.627
97.627
97.627
97.627
97.627
97.7086
97.7086
97.7086
97.7086
97.7367
97.7367
97.7367
97.7367
98.0505
98.0505
98.0505
98.0505
98.0969
98.0969
98.0969
98.0969
98.4326
98.4326
98.4326
98.4326
98.4326
98.4326
98.4326
98.4326
98.7367
98.7367
98.7367
98.7367
98.8941
98.8941
98.8941
98.8941
99.261
99.261
99.261
99.261
99.3218
99.3218
99.3218
99.3218
99.4415
99.4415
99.4415
99.4415
99.4415
99.4415
99.4415
99.4415
100.303
100.303
100.303
100.303
100.393
100.393
100.393
100.393
100.394
100.394
100.394
100.394
100.421
100.421
100.421
100.421
100.676
100.676
100.676
100.676
101.129
101.129
101.129
101.129
101.129
101.129
101.129
101.129
101.22
101.22
101.22
101.22
101.621
101.621
101.621
101.621
101.806
101.806
101.806
101.806
102.043
102.043
102.043
102.043
102.408
102.408
102.408
102.408
102.989
102.989
102.989
102.989
102.989
102.989
102.989
102.989
103.137
103.137
103.137
103.137
103.239
103.239
103.239
103.239
103.508
103.508
103.508
103.508
103.508
103.508
103.508
103.508
103.657
103.657
103.657
103.657
103.657
103.657
103.657
103.657
103.916
103.916
103.916
103.916
103.944
103.944
103.944
103.944
104.088
104.088
104.088
104.088
104.593
104.593
104.593
104.593
104.995
104.995
104.995
104.995
104.995
104.995
104.995
104.995
105.011
105.011
105.011
105.011
105.713
105.713
105.713
105.713
105.864
105.864
105.864
105.864
106.601
106.601
106.601
106.601
106.601
106.601
106.601
106.601
106.84
106.84
106.84
106.84
106.964
106.964
106.964
106.964
107.01
107.01
107.01
107.01
107.01
107.01
107.01
107.01
107.28
107.28
107.28
107.28
107.882
107.882
107.882
107.882
108.163
108.163
108.163
108.163
108.214
108.214
108.214
108.214
108.214
108.214
108.214
108.214
108.585
108.585
108.585
108.585
108.621
108.621
108.621
108.621
108.782
108.782
108.782
108.782
109.211
109.211
109.211
109.211
109.211
109.211
109.211
109.211
109.715
109.715
109.715
109.715
109.715
109.715
109.715
109.715
109.801
109.801
109.801
109.801
110.216
110.216
110.216
110.216
110.353
110.353
110.353
110.353
110.458
110.458
110.458
110.458
110.486
110.486
110.486
110.486
110.876
110.876
110.876
110.876
110.876
110.876
110.876
110.876
111.569
111.569
111.569
111.569
111.76
111.76
111.76
111.76
112.033
112.033
112.033
112.033
112.841
112.841
112.841
112.841
113.106
113.106
113.106
113.106
113.106
113.106
113.106
113.106
113.143
113.143
113.143
113.143
113.144
113.144
113.144
113.144
113.217
113.217
113.217
113.217
113.217
113.217
113.217
113.217
113.659
113.659
113.659
113.659
113.677
113.677
113.677
113.677
113.767
113.767
113.767
113.767
113.767
113.767
113.767
113.767
113.94
113.94
113.94
113.94
115.091
115.091
115.091
115.091
115.091
115.091
115.091
115.091
115.139
115.139
115.139
115.139
115.225
115.225
115.225
115.225
115.551
115.551
115.551
115.551
115.562
115.562
115.562
115.562
116.257
116.257
116.257
116.257
116.257
116.257
116.257
116.257
116.728
116.728
116.728
116.728
117.083
117.083
117.083
117.083
117.083
117.083
117.083
117.083
117.38
117.38
117.38
117.38
117.435
117.435
117.435
117.435
117.463
117.463
117.463
117.463
118.161
118.161
118.161
118.161
118.33
118.33
118.33
118.33
118.66
118.66
118.66
118.66
118.66
118.66
118.66
118.66
119.161
119.161
119.161
119.161
119.515
119.515
119.515
119.515
119.648
119.648
119.648
119.648
119.648
119.648
119.648
119.648
119.76
119.76
119.76
119.76
119.76
119.76
119.76
119.76
120.119
120.119
120.119
120.119
120.12
120.12
120.12
120.12
120.786
120.786
120.786
120.786
120.893
120.893
120.893
120.893
121.299
121.299
121.299
121.299
121.299
121.299
121.299
121.299
121.886
121.886
121.886
121.886
122.573
122.573
122.573
122.573
123.085
123.085
123.085
123.085
123.234
123.234
123.234
123.234
123.234
123.234
123.234
123.234
123.507
123.507
123.507
123.507
123.626
123.626
123.626
123.626
123.626
123.626
123.626
123.626
123.884
123.884
123.884
123.884
123.884
123.884
123.884
123.884
124.199
124.199
124.199
124.199
124.541
124.541
124.541
124.541
124.541
124.541
124.541
124.541
125.38
125.38
125.38
125.38
125.408
125.408
125.408
125.408
125.765
125.765
125.765
125.765
125.855
125.855
125.855
125.855
125.855
125.855
125.855
125.855
126.736
126.736
126.736
126.736
126.736
126.736
126.736
126.736
127.268
127.268
127.268
127.268
127.841
127.841
127.841
127.841
127.841
127.841
127.841
127.841
128.065
128.065
128.065
128.065
128.066
128.066
128.066
128.066
128.701
128.701
128.701
128.701
129.438
129.438
129.438
129.438
129.765
129.765
129.765
129.765
129.765
129.765
129.765
129.765
130.055
130.055
130.055
130.055
130.602
130.602
130.602
130.602
130.602
130.602
130.602
130.602
130.748
130.748
130.748
130.748
130.748
130.748
130.748
130.748
131.179
131.179
131.179
131.179
131.179
131.179
131.179
131.179
131.326
131.326
131.326
131.326
132.398
132.398
132.398
132.398
132.398
132.398
132.398
132.398
132.426
132.426
132.426
132.426
133.625
133.625
133.625
133.625
134.047
134.047
134.047
134.047
134.682
134.682
134.682
134.682
134.682
134.682
134.682
134.682
134.817
134.817
134.817
134.817
134.817
134.817
134.817
134.817
135.318
135.318
135.318
135.318
135.318
135.318
135.318
135.318
135.92
135.92
135.92
135.92
135.948
135.948
135.948
135.948
135.972
135.972
135.972
135.972
135.972
135.972
135.972
135.972
137.29
137.29
137.29
137.29
137.29
137.29
137.29
137.29
138.547
138.547
138.547
138.547
138.547
138.547
138.547
138.547
138.605
138.605
138.605
138.605
138.606
138.606
138.606
138.606
139.374
139.374
139.374
139.374
139.374
139.374
139.374
139.374
141.199
141.199
141.199
141.199
141.526
141.526
141.526
141.526
141.526
141.526
141.526
141.526
141.719
141.719
141.719
141.719
141.719
141.719
141.719
141.719
142.515
142.515
142.515
142.515
142.515
142.515
142.515
142.515
142.763
142.763
142.763
142.763
142.763
142.763
142.763
142.763
144.267
144.267
144.267
144.267
144.267
144.267
144.267
144.267
145.222
145.222
145.222
145.222
145.222
145.222
145.222
145.222
147.32
147.32
147.32
147.32
147.32
147.32
147.32
147.32
147.407
147.407
147.407
147.407
147.407
147.407
147.407
147.407
148.068
148.068
148.068
148.068
148.068
148.068
148.068
148.068
149.087
149.087
149.087
149.087
149.087
149.087
149.087
149.087
149.491
149.491
149.491
149.491
149.491
149.491
149.491
149.491
152.212
152.212
152.212
152.212
152.212
152.212
152.212
152.212
153.303
153.303
153.303
153.303
153.303
153.303
153.303
153.303
153.614
153.614
153.614
153.614
153.949
153.949
153.949
153.949
153.949
153.949
153.949
153.949
155.044
155.044
155.044
155.044
155.044
155.044
155.044
155.044
157.436
157.436
157.436
157.436
157.436
157.436
157.436
157.436
157.86
157.86
157.86
157.86
157.86
157.86
157.86
157.86
160.156
160.156
160.156
160.156
160.156
160.156
160.156
160.156
160.925
160.925
160.925
160.925
160.925
160.925
160.925
160.925
162.752
162.752
162.752
162.752
162.752
162.752
162.752
162.752
162.99
162.99
162.99
162.99
162.99
162.99
162.99
162.99
166.699
166.699
166.699
166.699
167.133
167.133
167.133
167.133
167.133
167.133
167.133
167.133
167.976
167.976
167.976
167.976
167.976
167.976
167.976
167.976
168.871
168.871
168.871
168.871
168.871
168.871
168.871
168.871
173.53
173.53
173.53
173.53
173.53
173.53
173.53
173.53
173.675
173.675
173.675
173.675
173.675
173.675
173.675
173.675
175.078
175.078
175.078
175.078
175.078
175.078
175.078
175.078
179.411
179.411
179.411
179.411
179.411
179.411
179.411
179.411
180.651
180.651
180.651
180.651
181.62
181.62
181.62
181.62
181.62
181.62
181.62
181.62
185.618
185.618
185.618
185.618
185.618
185.618
185.618
185.618
188.597
188.597
188.597
188.597
188.597
188.597
188.597
188.597
192.16
192.16
192.16
192.16
192.16
192.16
192.16
192.16
196.542
196.542
196.542
196.542
199.137
199.137
199.137
199.137
199.137
199.137
199.137
199.137
207.082
207.082
207.082
207.082
207.082
207.082
207.082
207.082
217.622
217.622
217.622
217.622
