-240.687
-240.687
-238.226
-238.226
-236.223
-236.223
-234.462
-234.462
-232.858
-232.858
-231.371
-231.371
-229.972
-229.972
-228.647
-228.647
-227.381
-227.381
-226.168
-226.168
-224.999
-224.999
-223.869
-223.869
-222.774
-222.774
-221.711
-221.711
-220.677
-220.677
-219.669
-219.669
-218.684
-218.684
-217.722
-217.722
-216.78
-216.78
-215.857
-215.857
-214.953
-214.953
-214.065
-214.065
-213.193
-213.193
-212.336
-212.336
-211.492
-211.492
-210.663
-210.663
-209.846
-209.846
-209.041
-209.041
-208.248
-208.248
-207.466
-207.466
-206.694
-206.694
-205.933
-205.933
-205.181
-205.181
-204.439
-204.439
-203.705
-203.705
-202.981
-202.981
-202.264
-202.264
-201.556
-201.556
-200.856
-200.856
-200.163
-200.163
-199.478
-199.478
-198.8
-198.8
-198.129
-198.129
-197.464
-197.464
-196.806
-196.806
-196.154
-196.154
-195.508
-195.508
-194.869
-194.869
-194.235
-194.235
-193.607
-193.607
-192.984
-192.984
-192.367
-192.367
-191.755
-191.755
-191.149
-191.149
-190.547
-190.547
-189.95
-189.95
-189.358
-189.358
-188.771
-188.771
-188.188
-188.188
-187.61
-187.61
-187.036
-187.036
-186.467
-186.467
-185.902
-185.902
-185.341
-185.341
-184.784
-184.784
-184.231
-184.231
-183.682
-183.682
-183.137
-183.137
-182.595
-182.595
-182.058
-182.058
-181.524
-181.524
-180.993
-180.993
-180.467
-180.467
-179.943
-179.943
-179.423
-179.423
-178.907
-178.907
-178.393
-178.393
-177.883
-177.883
-177.377
-177.377
-176.873
-176.873
-176.372
-176.372
-175.875
-175.875
-175.38
-175.38
-174.889
-174.889
-174.4
-174.4
-173.914
-173.914
-173.432
-173.432
-172.951
-172.951
-172.474
-172.474
-172
-172
-171.528
-171.528
-171.059
-171.059
-170.592
-170.592
-170.128
-170.128
-169.667
-169.667
-169.208
-169.208
-168.751
-168.751
-168.297
-168.297
-167.846
-167.846
-167.397
-167.397
-166.95
-166.95
-166.506
-166.506
-166.064
-166.064
-165.624
-165.624
-165.187
-165.187
-164.751
-164.751
-164.318
-164.318
-163.888
-163.888
-163.459
-163.459
-163.032
-163.032
-162.608
-162.608
-162.186
-162.186
-161.766
-161.766
-161.348
-161.348
-160.932
-160.932
-160.518
-160.518
-160.106
-160.106
-159.696
-159.696
-159.288
-159.288
-158.881
-158.881
-158.477
-158.477
-158.075
-158.075
-157.675
-157.675
-157.276
-157.276
-156.879
-156.879
-156.485
-156.484
-156.092
-156.091
-155.7
-155.7
-155.311
-155.311
-154.923
-154.923
-154.537
-154.537
-154.153
-154.153
-153.771
-153.771
-153.39
-153.39
-153.011
-153.011
-152.634
-152.634
-152.258
-152.258
-151.884
-151.884
-151.512
-151.512
-151.141
-151.141
-150.772
-150.772
-150.405
-150.405
-150.039
-150.039
-149.675
-149.674
-149.312
-149.312
-148.951
-148.951
-148.591
-148.591
-148.233
-148.233
-147.877
-147.876
-147.522
-147.521
-147.168
-147.168
-146.816
-146.816
-146.466
-146.465
-146.117
-146.116
-145.769
-145.768
-145.423
-145.422
-145.078
-145.077
-144.735
-144.734
-144.393
-144.392
-144.053
-144.052
-143.714
-143.713
-143.376
-143.375
-143.04
-143.038
-142.705
-142.704
-142.372
-142.37
-142.04
-142.038
-141.709
-141.707
-141.38
-141.377
-141.052
-141.049
-140.725
-140.722
-140.399
-140.397
-140.075
-140.073
-139.753
-139.75
-139.431
-139.428
-139.111
-139.108
-138.792
-138.789
-138.474
-138.471
-138.157
-138.155
-137.842
-137.84
-137.528
-137.526
-137.215
-137.214
-136.903
-136.903
-136.593
-136.593
-136.284
-136.284
-135.977
-135.976
-135.671
-135.669
-135.366
-135.363
-135.062
-135.059
-134.759
-134.756
-134.457
-134.454
-134.157
-134.154
-133.857
-133.854
-133.559
-133.556
-133.262
-133.26
-132.965
-132.964
-132.67
-132.67
-132.377
-132.376
-132.085
-132.084
-131.794
-131.792
-131.504
-131.502
-131.216
-131.213
-130.928
-130.925
-130.641
-130.638
-130.355
-130.353
-130.07
-130.069
-129.786
-129.786
-129.505
-129.504
-129.224
-129.222
-128.944
-128.942
-128.665
-128.663
-128.388
-128.385
-128.111
-128.108
-127.835
-127.833
-127.56
-127.559
-127.286
-127.285
-127.014
-127.013
-126.743
-126.741
-126.473
-126.47
-126.204
-126.201
-125.935
-125.933
-125.668
-125.666
-125.401
-125.401
-125.136
-125.135
-124.873
-124.871
-124.61
-124.608
-124.348
-124.345
-124.087
-124.085
-123.827
-123.825
-123.568
-123.567
-123.31
-123.309
-123.054
-123.052
-122.798
-122.796
-122.544
-122.541
-122.29
-122.287
-122.036
-122.035
-121.784
-121.784
-121.534
-121.533
-121.285
-121.283
-121.036
-121.034
-120.789
-120.786
-120.541
-120.54
-120.295
-120.295
-120.051
-120.05
-119.808
-119.806
-119.565
-119.563
-119.323
-119.321
-119.082
-119.081
-118.842
-118.842
-118.604
-118.603
-118.366
-118.364
-118.13
-118.127
-117.894
-117.892
-117.659
-117.657
-117.424
-117.424
-117.192
-117.191
-116.961
-116.958
-116.73
-116.727
-116.5
-116.498
-116.27
-116.269
-116.042
-116.042
-115.816
-115.814
-115.59
-115.588
-115.365
-115.363
-115.14
-115.139
-114.917
-114.916
-114.695
-114.694
-114.474
-114.472
-114.254
-114.252
-114.035
-114.033
-113.816
-113.815
-113.599
-113.598
-113.383
-113.381
-113.168
-113.166
-112.954
-112.952
-112.74
-112.739
-112.527
-112.527
-112.317
-112.315
-112.107
-112.104
-111.897
-111.895
-111.688
-111.687
-111.48
-111.48
-111.274
-111.273
-111.069
-111.067
-110.865
-110.863
-110.661
-110.66
-110.458
-110.458
-110.257
-110.256
-110.057
-110.055
-109.858
-109.855
-109.659
-109.657
-109.461
-109.461
-109.265
-109.264
-109.07
-109.068
-108.876
-108.873
-108.682
-108.68
-108.489
-108.489
-108.298
-108.297
-108.108
-108.107
-107.919
-107.917
-107.731
-107.729
-107.543
-107.543
-107.357
-107.357
-107.173
-107.171
-106.989
-106.987
-106.806
-106.805
-106.624
-106.623
-106.443
-106.443
-106.265
-106.263
-106.086
-106.084
-105.909
-105.907
-105.732
-105.732
-105.557
-105.557
-105.384
-105.382
-105.211
-105.209
-105.04
-105.038
-104.869
-104.868
-104.7
-104.699
-104.532
-104.531
-104.366
-104.364
-104.201
-104.199
-104.036
-104.035
-103.873
-103.873
-103.712
-103.711
-103.552
-103.55
-103.393
-103.391
-103.235
-103.234
-103.079
-103.079
-102.925
-102.924
-102.772
-102.77
-102.62
-102.618
-102.47
-102.468
-102.321
-102.32
-102.174
-102.173
-102.029
-102.028
-101.886
-101.884
-101.744
-101.742
-101.604
-101.603
-101.465
-101.465
-101.33
-101.329
-101.196
-101.195
-101.065
-101.063
-100.936
-100.934
-100.809
-100.808
-100.685
-100.684
-100.564
-100.564
-100.447
-100.446
-100.334
-100.333
-100.226
-100.225
-100.124
-100.124
-100.032
-100.029
-99.9433
-99.9366
-99.8488
-99.8385
-99.746
-99.7334
-99.6369
-99.6227
-99.523
-99.5077
-99.4051
-99.3892
-99.2838
-99.2677
-99.1594
-99.1434
-99.0324
-99.0166
-98.9031
-98.8873
-98.7717
-98.7556
-98.6385
-98.6215
-98.5035
-98.4852
-98.3668
-98.347
-98.2283
-98.2071
-98.0879
-98.0658
-97.9456
-97.9231
-97.8013
-97.7793
-97.6554
-97.6341
-97.5081
-97.4874
-97.3597
-97.339
-97.2103
-97.1888
-97.0599
-97.0371
-96.9085
-96.8839
-96.7557
-96.7297
-96.6013
-96.5746
-96.4452
-96.4189
-96.2877
-96.2623
-96.129
-96.1046
-95.9696
-95.9454
-95.8096
-95.7846
-95.649
-95.6224
-95.4876
-95.4591
-95.3248
-95.295
-95.1605
-95.1306
-94.9947
-94.9658
-94.8278
-94.8002
-94.6602
-94.6332
-94.4923
-94.4647
-94.3241
-94.2947
-94.1552
-94.1238
-93.9852
-93.9524
-93.8135
-93.7809
-93.6404
-93.6091
-93.4664
-93.4365
-93.292
-93.2625
-93.1177
-93.0868
-92.9431
-92.91
-92.7676
-92.7326
-92.5906
-92.5552
-92.412
-92.3779
-92.2324
-92.2
-92.0525
-92.0207
-91.8728
-91.8398
-91.693
-91.6577
-91.5124
-91.4751
-91.3303
-91.2927
-91.1466
-91.1105
-90.9619
-90.9276
-90.7773
-90.7433
-90.593
-90.5572
-90.4087
-90.3702
-90.2231
-90.1832
-90.0358
-89.9967
-89.8472
-89.8102
-89.6582
-89.6224
-89.4698
-89.4329
-89.2817
-89.242
-89.0927
-89.051
-88.902
-88.8606
-88.7096
-88.6705
-88.5169
-88.4793
-88.3248
-88.2862
-88.1332
-88.0917
-87.9408
-87.8972
-87.7466
-87.7035
-87.5507
-87.51
-87.3547
-87.3154
-87.1595
-87.1187
-86.9648
-86.9208
-86.7689
-86.7233
-86.571
-86.5268
-86.3718
-86.3302
-86.173
-86.1318
-85.9754
-85.9315
-85.7776
-85.7307
-85.5778
-85.531
-85.3762
-85.3321
-85.1743
-85.1319
-84.9737
-84.9294
-84.7736
-84.7259
-84.5721
-84.5233
-84.3682
-84.3219
-84.1637
-84.1197
-83.9604
-83.9152
-83.7581
-83.7093
-83.5545
-83.5041
-83.3485
-83.3004
-83.1416
-83.0962
-82.936
-82.8895
-82.7316
-82.6812
-82.5259
-82.474
-82.3175
-82.2684
-82.1085
-82.0619
-81.9012
-81.8527
-81.6948
-81.6424
-81.4866
-81.4337
-81.2758
-81.2263
-81.0652
-81.0172
-80.8565
-80.8054
-80.6481
-80.5936
-80.437
-80.3838
-80.224
-80.1744
-80.0124
-79.9623
-79.8027
-79.7483
-79.5915
-79.5357
-79.3774
-79.325
-79.1631
-79.1128
-78.9513
-78.8975
-78.7396
-78.6824
-78.5249
-78.4698
-78.3087
-78.2571
-78.0945
-78.0411
-77.8819
-77.824
-77.6667
-77.6093
-77.449
-77.3957
-77.2327
-77.1791
-77.0188
-76.9604
-76.803
-76.7439
-76.584
-76.5292
-76.3661
-76.3117
-76.1509
-76.0917
-75.9341
-75.8738
-75.714
-75.6579
-75.4947
-75.4394
-75.2784
-75.2181
-75.0604
-74.9991
-74.839
-74.7822
-74.6188
-74.5622
-74.4015
-74.3398
-74.1821
-74.1201
-73.9593
-73.9021
-73.7387
-73.6803
-73.5205
-73.457
-73.2992
-73.2371
-73.0754
-73.0177
-72.8547
-72.794
-72.6354
-72.5704
-72.4119
-72.3505
-72.1876
-72.129
-71.9672
-71.9036
-71.7459
-71.6804
-71.5204
-71.46
-71.2967
-71.2357
-71.0761
-71.0096
-70.852
-70.7876
-70.6255
-70.5653
-70.4032
-70.3384
-70.1808
-70.1133
-69.9538
-69.8916
-69.7285
-69.6658
-69.5066
-69.4382
-69.2807
-69.2152
-69.053
-68.991
-68.8299
-68.7624
-68.6055
-68.537
-68.3767
-68.3137
-68.1514
-68.0853
-67.9279
-67.8576
-67.6992
-67.6342
-67.4717
-67.4067
-67.2482
-67.1772
-67.0202
-66.9529
-66.791
-66.7264
-66.5669
-66.4959
-66.3396
-66.2702
-66.1092
-66.0443
-65.8841
-65.8133
-65.6575
-65.5864
-65.4264
-65.3608
-65.2003
-65.1295
-64.9739
-64.9015
-64.7424
-64.676
-64.5155
-64.4445
-64.2891
-64.2158
-64.0572
-63.9901
-63.8298
-63.7583
-63.6032
-63.5292
-63.3709
-63.3032
-63.1433
-63.0709
-62.9163
-62.8419
-62.6836
-62.6154
-62.4562
-62.3826
-62.2285
-62.1539
-61.9955
-61.9267
-61.7686
-61.6934
-61.5397
-61.4655
-61.3067
-61.2372
-61.0804
-61.0036
-60.8499
-60.7767
-60.6177
-60.5466
-60.3917
-60.3137
-60.1594
-60.0874
-59.9286
-59.8553
-59.7021
-59.6238
-59.4684
-59.3972
-59.2398
-59.1634
-59.0114
-58.9344
-58.7775
-58.7059
-58.5509
-58.4718
-58.3196
-58.245
-58.0876
-58.0134
-57.8612
-57.7813
-57.6274
-57.5547
-57.3988
-57.3205
-57.1699
-57.0921
-56.9362
-56.8627
-56.7101
-56.629
-56.4774
-56.4029
-56.2473
-56.1695
-56.0198
-55.9399
-55.7856
-55.7117
-55.5595
-55.4777
-55.3274
-55.2518
-55.0971
-55.0187
-54.87
-54.7893
-54.636
-54.5612
-54.4104
-54.3276
-54.178
-54.1022
-53.9488
-53.8687
-53.7212
-53.6409
-53.4881
-53.4117
-53.2632
-53.1796
-53.0299
-52.9543
-52.8033
-52.7205
-52.5737
-52.4952
-52.3432
-52.2636
-52.1177
-52.0352
-51.8846
-51.8079
-51.6606
-51.576
-51.4283
-51.3518
-51.2026
-51.1187
-50.9736
-50.8948
-50.7448
-50.6634
-50.5194
-50.4374
-50.2881
-50.2093
-50.0652
-49.9806
-49.8332
-49.7559
-49.6107
-49.525
-49.38
-49.3026
-49.1563
-49.0711
-48.9282
-48.8495
-48.7026
-48.6188
-48.4775
-48.3967
-48.25
-48.168
-48.0275
-47.9448
-47.7989
-47.7184
-47.5783
-47.4941
-47.3494
-47.27
-47.1301
-47.0447
-46.9014
-46.8228
-46.683
-46.597
-46.4551
-46.3768
-46.2373
-46.151
-46.0104
-45.9323
-45.7932
-45.7068
-45.5674
-45.4894
-45.351
-45.2646
-45.1262
-45.0482
-44.9107
-44.8245
-44.687
-44.6091
-44.4727
-44.3865
-44.2498
-44.1719
-44.0369
-43.951
-43.8148
-43.7368
-43.6032
-43.5178
-43.3821
-43.3037
-43.1716
-43.087
-42.9516
-42.8723
-42.7417
-42.6582
-42.5232
-42.4425
-42.3128
-42.2309
-42.0963
-42.0138
-41.8846
-41.8043
-41.6706
-41.5861
-41.4566
-41.3777
-41.2451
-41.159
-41.0287
-40.9503
-40.8193
-40.7325
-40.6009
-40.5219
-40.3924
-40.3062
-40.1734
-40.0925
-39.9642
-39.8796
-39.7463
-39.6625
-39.5345
-39.4522
-39.3193
-39.2326
-39.1038
-39.0232
-38.8917
-38.8031
-38.6727
-38.5923
-38.4627
-38.3741
-38.2421
-38.1599
-38.0319
-37.9451
-37.8121
-37.7266
-37.5991
-37.5151
-37.3826
-37.2936
-37.165
-37.083
-36.9524
-36.8618
-36.7311
-36.6486
-36.5203
-36.4306
-36.2983
-36.2126
-36.0855
-35.999
-35.8665
-35.7768
-35.6489
-35.5652
-35.4346
-35.3424
-35.2123
-35.1285
-35.0005
-34.9094
-34.7773
-34.69
-34.5633
-34.4758
-34.3438
-34.252
-34.1241
-34.0394
-33.9098
-33.8162
-33.6855
-33.5997
-33.4728
-33.3816
-33.2494
-33.1588
-33.0322
-32.9453
-32.8145
-32.7199
-32.5908
-32.5049
-32.3774
-32.2836
-32.152
-32.0619
-31.936
-31.8468
-31.7156
-31.6204
-31.4924
-31.4056
-31.2778
-31.1823
-31.0512
-30.9608
-30.8352
-30.7445
-30.6134
-30.5173
-30.3897
-30.302
-30.1744
-30.0779
-29.9469
-29.8553
-29.73
-29.6387
-29.508
-29.4105
-29.2827
-29.194
-29.0673
-28.9703
-28.8392
-28.7453
-28.6203
-28.5292
-28.3995
-28.3003
-28.1717
-28.0813
-27.956
-27.8598
-27.7287
-27.6315
-27.5058
-27.4153
-27.2876
-27.1876
-27.0576
-26.9639
-26.8396
-26.7455
-26.6156
-26.5149
-26.3874
-26.2959
-26.1708
-26.0724
-25.9417
-25.8429
-25.7178
-25.6258
-25.4988
-25.3972
-25.2673
-25.1711
-25.0473
-24.9528
-24.824
-24.7212
-24.5929
-24.4987
-24.375
-24.2773
-24.1474
-24.0448
-23.9183
-23.8248
-23.7004
-23.5999
-23.4697
-23.3678
-23.2429
-23.1492
-23.0238
-22.921
-22.791
-22.6901
-22.5663
-22.4716
-22.3455
-22.2411
-22.1115
-22.0112
-21.8881
-21.7923
-21.6657
-21.5602
-21.4311
-21.3309
-21.2082
-21.1115
-20.9847
-20.8784
-20.7495
-20.649
-20.5267
-20.4293
-20.3027
-20.1957
-20.0669
-19.9655
-19.8433
-19.7457
-19.6196
-19.5122
-19.3833
-19.2804
-19.1581
-19.0605
-18.9354
-18.8279
-18.6988
-18.5939
-18.4712
-18.3735
-18.2497
-18.1429
-18.0137
-17.9064
-17.7826
-17.6843
-17.5621
-17.4568
-17.3282
-17.2186
-17.0931
-16.9928
-16.8719
-16.7691
-16.642
-16.531
-16.4036
-16.2996
-16.1788
-16.0784
-15.954
-15.8437
-15.7151
-15.6063
-15.4836
-15.3835
-15.2623
-15.1554
-15.0276
-14.9152
-14.7891
-14.6852
-14.5654
-14.4631
-14.3386
-14.2265
-14.0982
-13.9877
-13.8652
-13.7638
-13.6436
-13.5366
-13.4097
-13.2955
-13.1686
-13.0608
-12.9408
-12.8388
-12.7172
-12.6063
-12.4786
-12.3639
-12.2385
-12.1322
-12.0134
-11.9099
-11.7874
-11.6743
-11.5464
-11.4313
-11.3068
-11.2005
-11.0822
-10.9779
-10.8555
-10.7414
-10.6137
-10.4974
-10.3727
-10.2649
-10.1468
-10.0425
-9.92152
-9.80795
-9.68085
-9.56297
-9.43703
-9.32562
-9.20665
-9.1024
-8.98404
-8.87316
-8.74797
-8.62944
-8.50211
-8.38554
-8.26328
-8.15577
-8.03926
-7.93295
-7.81231
-7.69669
-7.5701
-7.44993
-7.32347
-7.20762
-7.08728
-6.98033
-6.86465
-6.75685
-6.63611
-6.51906
-6.39265
-6.27126
-6.1446
-6.02638
-5.90496
-5.79543
-5.68034
-5.57386
-5.45632
-5.34171
-5.21747
-5.09596
-4.96883
-4.84634
-4.72088
-4.60316
-4.48372
-4.37465
-4.26115
-4.15419
-4.03777
-3.92275
-3.79965
-3.67768
-3.55105
-3.42664
-3.29976
-3.17664
-3.05248
-2.93459
-2.81669
-2.70747
-2.59636
-2.49065
-2.37786
-2.26497
-2.1452
-2.02465
-1.9002
-1.77569
-1.64914
-1.52298
-1.3957
-1.26903
-1.1417
-1.0151
-0.888072
-0.76186
-0.635332
-0.509695
-0.383771
-0.258817
-0.133548
-0.00932977
0.115281
0.238748
0.362735
0.485471
0.608898
0.730952
0.853909
0.975351
1.09794
1.21886
1.34119
1.46166
1.58384
1.70395
1.82607
1.94588
2.06802
2.18759
2.30979
2.42917
2.55148
2.6707
2.79315
2.91222
3.03484
3.15378
3.27657
3.3954
3.51837
3.6371
3.76026
3.87889
4.00224
4.12077
4.24433
4.36275
4.48652
4.60485
4.72882
4.84706
4.97123
5.08938
5.21376
5.33181
5.4564
5.57437
5.69917
5.81704
5.94206
6.05984
6.18506
6.30275
6.42819
6.54579
6.67145
6.78895
6.91482
7.03223
7.15832
7.27564
7.40194
7.51917
7.64569
7.76283
7.88956
8.0066
8.13356
8.25051
8.37768
8.49453
8.62192
8.73868
8.86629
8.98296
9.11079
9.22736
9.35541
9.47189
9.60015
9.71653
9.84502
9.96131
10.09
10.2062
10.3351
10.4512
10.5804
10.6964
10.8258
10.9416
11.0712
11.187
11.3169
11.4326
11.5626
11.6782
11.8085
11.924
12.0545
12.1699
12.3006
12.4159
12.5468
12.662
12.7932
12.9083
13.0397
13.1547
13.2863
13.4012
13.533
13.6478
13.7799
13.8946
14.0269
14.1415
14.274
14.3885
14.5212
14.6356
14.7686
14.8829
15.0161
15.1302
15.2637
15.3777
15.5114
15.6254
15.7593
15.8731
16.0073
16.121
16.2554
16.369
16.5036
16.6171
16.7519
16.8653
17.0004
17.1137
17.249
17.3622
17.4977
17.6108
17.7465
17.8595
17.9955
18.1083
18.2446
18.3573
18.4938
18.6064
18.7431
18.8556
18.9926
19.1049
19.2421
19.3544
19.4918
19.604
19.7416
19.8537
19.9916
20.1035
20.2416
20.3534
20.4918
20.6035
20.7421
20.8537
20.9926
21.104
21.2431
21.3544
21.4938
21.605
21.7446
21.8556
21.9955
22.1064
22.2465
22.3573
22.4976
22.6083
22.7489
22.8595
23.0003
23.1108
23.2518
23.3622
23.5034
23.6137
23.7552
23.8653
24.0071
24.117
24.2591
24.3689
24.5112
24.6209
24.7634
24.873
25.0158
25.1252
25.2682
25.3776
25.5208
25.63
25.7735
25.8826
26.0264
26.1353
26.2793
26.3881
26.5324
26.6411
26.7856
26.8941
27.0389
27.1473
27.2923
27.4006
27.5459
27.654
27.7995
27.9075
28.0533
28.1612
28.3072
28.415
28.5613
28.6688
28.8154
28.9228
29.0697
29.177
29.324
29.4312
29.5785
29.6856
29.8331
29.94
30.0879
30.1946
30.3427
30.4493
30.5977
30.7042
30.8528
30.9591
31.108
31.2142
31.3633
31.4694
31.6188
31.7246
31.8743
31.9801
32.13
32.2356
32.3858
32.4912
32.6417
32.747
32.8977
33.0029
33.1538
33.2589
33.4101
33.515
33.6665
33.7712
33.923
34.0276
34.1796
34.284
34.4363
34.5406
34.6932
34.7973
34.9501
35.0541
35.2072
35.311
35.4644
35.568
35.7217
35.8252
35.9791
36.0825
36.2367
36.3399
36.4943
36.5974
36.7521
36.855
37.01
37.1127
37.268
37.3706
37.5261
37.6285
37.7843
37.8866
38.0427
38.1448
38.3011
38.4031
38.5597
38.6615
38.8184
38.92
39.0772
39.1787
39.3362
39.4374
39.5952
39.6963
39.8544
39.9553
40.1136
40.2144
40.373
40.4736
40.6325
40.733
40.8921
40.9924
41.1519
41.252
41.4117
41.5117
41.6717
41.7715
41.9317
42.0314
42.1919
42.2914
42.4522
42.5515
42.7126
42.8117
42.9731
43.0721
43.2338
43.3326
43.4945
43.5931
43.7554
43.8538
44.0164
44.1146
44.2775
44.3756
44.5387
44.6366
44.8
44.8977
45.0615
45.159
45.323
45.4204
45.5847
45.6819
45.8464
45.9435
46.1083
46.2052
46.3703
46.467
46.6324
46.7289
46.8947
46.991
47.157
47.2531
47.4195
47.5154
47.682
47.7778
47.9447
48.0403
48.2075
48.3029
48.4704
48.5656
48.7334
48.8284
48.9965
49.0913
49.2598
49.3544
49.5231
49.6176
49.7866
49.8808
50.0501
50.1442
50.3138
50.4077
50.5776
50.6713
50.8415
50.935
51.1055
51.1989
51.3697
51.4628
51.6339
51.7268
51.8983
51.991
52.1627
52.2553
52.4273
52.5196
52.692
52.7841
52.9568
53.0487
53.2217
53.3134
53.4867
53.5783
53.7519
53.8432
54.0171
54.1082
54.2824
54.3734
54.5479
54.6386
54.8135
54.904
55.0792
55.1695
55.345
55.4351
55.6109
55.7008
55.8769
55.9666
56.143
56.2325
56.4092
56.4985
56.6756
56.7647
56.942
57.0309
57.2086
57.2973
57.4753
57.5637
57.742
57.8303
58.0089
58.097
58.2759
58.3638
58.5431
58.6307
58.8103
58.8977
59.0776
59.1648
59.345
59.432
59.6126
59.6994
59.8803
59.9668
60.148
60.2344
60.4159
60.502
60.6839
60.7698
60.952
61.0377
61.2202
61.3057
61.4885
61.5738
61.7569
61.842
62.0254
62.1103
62.2941
62.3787
62.5628
62.6472
62.8317
62.9158
63.1006
63.1846
63.3697
63.4534
63.6389
63.7224
63.9082
63.9914
64.1776
64.2606
64.4471
64.5299
64.7167
64.7993
64.9864
65.0688
65.2563
65.3384
65.5262
65.6081
65.7962
65.8779
66.0664
66.1478
66.3366
66.4178
66.607
66.6879
66.8775
66.9582
67.1481
67.2285
67.4188
67.499
67.6896
67.7695
67.9605
68.0402
68.2315
68.311
68.5026
68.5818
68.7738
68.8528
69.0452
69.1239
69.3166
69.3951
69.5881
69.6664
69.8598
69.9378
70.1316
70.2093
70.4034
70.481
70.6754
70.7527
70.9475
71.0245
71.2197
71.2965
71.492
71.5685
71.7644
71.8406
72.0369
72.1129
72.3095
72.3853
72.5822
72.6577
72.855
72.9303
73.128
73.203
73.401
73.4757
73.6741
73.7486
73.9474
74.0216
74.2208
74.2947
74.4942
74.5679
74.7678
74.8412
75.0415
75.1146
75.3152
75.3881
75.5891
75.6618
75.8631
75.9355
76.1372
76.2093
76.4114
76.4832
76.6857
76.7573
76.9601
77.0314
77.2347
77.3057
77.5093
77.58
77.784
77.8545
78.0589
78.129
78.3338
78.4037
78.6089
78.6784
78.884
78.9533
79.1593
79.2283
79.4346
79.5033
79.7101
79.7785
79.9857
80.0538
80.2613
80.3292
80.5371
80.6047
80.813
80.8803
81.089
81.156
81.3651
81.4318
81.6413
81.7077
81.9176
81.9837
82.194
82.2598
82.4706
82.536
82.7472
82.8123
83.0239
83.0887
83.3007
83.3653
83.5777
83.6419
83.8547
83.9186
84.1319
84.1954
84.4091
84.4724
84.6865
84.7494
84.9639
85.0265
85.2415
85.3038
85.5192
85.5811
85.797
85.8586
86.0748
86.1361
86.3528
86.4137
86.6309
86.6915
86.9091
86.9693
87.1874
87.2473
87.4658
87.5254
87.7443
87.8035
88.023
88.0818
88.3017
88.3601
88.5805
88.6386
88.8594
88.9171
89.1385
89.1958
89.4176
89.4746
89.6969
89.7534
89.9762
90.0324
90.2557
90.3115
90.5352
90.5906
90.8149
90.8699
91.0947
91.1493
91.3746
91.4288
91.6546
91.7083
91.9347
91.988
92.2149
92.2678
92.4952
92.5476
92.7756
92.8276
93.0561
93.1077
93.3368
93.3879
93.6175
93.6681
93.8984
93.9485
94.1794
94.229
94.4605
94.5095
94.7416
94.7902
95.023
95.071
95.3044
95.3519
95.5859
95.6328
95.8676
95.9139
96.1494
96.195
96.4313
96.4763
96.7133
96.7577
96.9955
97.0391
97.2778
97.3207
97.5602
97.6023
97.8428
97.8841
98.1256
98.1659
98.4085
98.4478
98.6917
98.7299
98.9751
99.012
99.2589
99.2942
99.5432
99.5765
99.8289
99.8588
