0.999961
2.9998
4.99949
6.99902
8.9984
10.9976
12.9967
14.9956
16.9943
18.9929
20.9914
22.9896
24.9878
26.9857
28.9835
30.9812
32.9787
34.976
36.9732
38.9703
40.9671
42.9638
44.9604
46.9568
48.953
50.9491
52.9451
54.9408
56.9365
58.9319
60.9272
62.9224
64.9174
66.9122
68.9069
70.9014
72.8958
74.89
76.8843
78.8786
80.8734
82.8696
84.8689
86.8741
88.89
90.9235
92.9832
95.0784
97.2183
99.41
101.659
103.968
106.34
108.773
111.267
113.823
116.438
119.111
121.843
124.631
127.475
130.373
133.327
136.334
139.395
142.508
145.673
148.891
152.16
155.48
158.851
162.273
165.745
169.266
172.838
176.46
180.13
183.85
187.619
191.437
195.304
199.219
203.182
207.194
211.254
215.361
219.517
223.72
227.97
232.268
236.614
241.006
245.446
249.933
254.466
259.046
263.673
268.346
273.066
277.832
282.645
287.503
292.408
297.358
302.354
307.396
312.484
317.617
322.795
328.019
333.288
338.603
343.962
349.366
354.815
360.309
365.847
371.43
377.058
382.73
388.446
394.206
400.01
405.858
411.751
417.686
423.666
429.689
435.756
441.865
448.019
454.215
460.454
466.737
473.062
479.43
485.84
492.294
498.789
505.327
511.907
518.53
525.194
531.9
538.648
545.438
552.269
559.142
566.056
573.011
580.008
587.045
594.123
601.243
608.403
615.603
622.844
630.126
637.447
644.809
652.211
659.652
667.134
674.655
682.215
689.815
697.455
705.133
712.851
720.607
728.403
736.237
744.109
752.02
759.97
767.957
775.983
784.047
792.148
800.287
808.464
816.678
824.93
833.219
841.544
849.907
858.307
866.743
875.216
883.725
892.27
900.852
909.469
918.123
926.812
935.537
944.297
953.093
961.924
970.79
979.691
988.626
997.597
1006.6
1015.64
1024.71
1033.82
1042.96
1052.14
1061.35
1070.59
1079.87
1089.17
1098.52
1107.89
1117.3
1126.74
1136.21
1145.72
1155.26
1164.83
1174.43
1184.06
1193.73
1203.42
1213.15
1222.91
1232.7
1242.52
1252.37
1262.26
1272.17
1282.11
1292.08
1302.09
1312.12
1322.18
1332.27
1342.4
1352.55
1362.73
1372.93
1383.17
1393.44
1403.73
1414.05
1424.4
1434.78
1445.19
1455.62
1466.08
1476.57
1487.09
1497.63
1508.2
1518.79
1529.41
1540.06
1550.74
1561.44
1572.16
1582.92
1593.69
1604.5
1615.32
1626.18
1637.05
1647.96
1658.88
1669.83
1680.81
1691.81
1702.83
1713.88
1724.95
1736.04
1747.16
1758.3
1769.46
1780.64
1791.85
1803.08
1814.33
1825.6
1836.9
1848.22
1859.55
1870.91
1882.29
1893.69
1905.11
1916.56
1928.02
1939.5
1951
1962.53
1974.07
1985.63
1997.21
2008.81
2020.43
2032.06
2043.72
2055.39
2067.09
2078.8
2090.52
2102.27
2114.03
2125.81
2137.61
2149.43
2161.26
2173.1
2184.97
2196.85
2208.74
2220.66
2232.58
2244.53
2256.48
2268.46
2280.45
2292.45
2304.47
2316.5
2328.54
2340.6
2352.68
2364.76
2376.87
2388.98
2401.11
2413.25
2425.4
2437.56
2449.74
2461.93
2474.13
2486.34
2498.57
2510.8
2523.05
2535.31
2547.58
2559.85
2572.14
2584.44
2596.75
2609.07
2621.4
2633.74
2646.09
2658.44
2670.81
2683.18
2695.57
2707.96
2720.36
2732.77
2745.18
2757.6
2770.03
2782.47
2794.91
2807.36
2819.82
2832.28
2844.75
2857.23
2869.71
2882.2
2894.69
2907.19
2919.69
2932.2
2944.71
2957.23
2969.75
2982.28
2994.8
3007.34
3019.87
3032.41
3044.96
3057.5
3070.05
3082.6
3095.15
3107.71
3120.26
3132.82
3145.38
3157.95
3170.51
3183.07
3195.64
3208.2
3220.77
3233.33
3245.9
3258.46
3271.03
3283.59
3296.16
3308.72
3321.28
3333.84
3346.4
3358.96
3371.51
3384.07
3396.62
3409.17
3421.71
3434.25
3446.79
3459.33
3471.86
3484.39
3496.92
3509.44
3521.95
3534.47
3546.97
3559.48
3571.98
3584.47
3596.95
3609.44
3621.91
3634.38
3646.85
3659.3
3671.75
3684.2
3696.63
3709.06
3721.49
3733.9
3746.31
3758.71
3771.1
3783.48
3795.86
3808.22
3820.58
3832.93
3845.27
3857.59
3869.91
3882.22
3894.52
3906.81
3919.09
3931.36
3943.62
3955.86
3968.1
3980.32
3992.54
4004.74
4016.93
4029.1
4041.27
4053.42
4065.56
4077.69
4089.8
4101.9
4113.99
4126.06
4138.12
4150.17
4162.2
4174.22
4186.22
4198.21
4210.18
4222.14
4234.08
4246.01
4257.92
4269.82
4281.7
4293.56
4305.41
4317.24
4329.06
4340.85
4352.63
4364.4
4376.14
4387.87
4399.58
4411.27
4422.95
4434.6
4446.24
4457.86
4469.46
4481.04
4492.6
4504.14
4515.66
4527.17
4538.65
4550.11
4561.55
4572.97
4584.38
4595.76
4607.11
4618.45
4629.77
4641.06
4652.34
4663.59
4674.82
4686.02
4697.21
4708.37
4719.51
4730.63
4741.72
4752.79
4763.84
4774.86
4785.86
4796.83
4807.78
4818.71
4829.61
4840.49
4851.34
4862.17
4872.97
4883.75
4894.5
4905.23
4915.93
4926.6
4937.25
4947.88
4958.47
4969.04
4979.58
4990.1
5000.59
5011.05
5021.48
5031.89
5042.26
5052.62
5062.94
5073.23
5083.5
5093.73
5103.94
5114.12
5124.27
5134.39
5144.49
5154.55
5164.58
5174.58
5184.56
5194.5
5204.41
5214.3
5224.15
5233.97
5243.76
5253.52
5263.25
5272.94
5282.61
5292.24
5301.84
5311.41
5320.95
5330.46
5339.93
5349.37
5358.78
5368.15
5377.49
5386.8
5396.08
5405.32
5414.53
5423.71
5432.85
5441.96
5451.03
5460.07
5469.07
5478.04
5486.98
5495.88
5504.75
5513.58
5522.37
5531.13
5539.86
5548.55
5557.2
5565.82
5574.4
5582.95
5591.46
5599.93
5608.36
5616.76
5625.13
5633.45
5641.74
5649.99
5658.21
5666.38
5674.52
5682.63
5690.69
5698.72
5706.7
5714.65
5722.56
5730.44
5738.27
5746.07
5753.82
5761.54
5769.22
5776.86
5784.46
5792.02
5799.54
5807.02
5814.46
5821.87
5829.23
5836.55
5843.83
5851.07
5858.27
5865.43
5872.55
5879.63
5886.67
5893.67
5900.62
5907.54
5914.41
5921.24
5928.03
5934.78
5941.49
5948.15
5954.78
5961.36
5967.89
5974.39
5980.84
5987.25
5993.62
5999.95
6006.23
6012.47
6018.67
6024.82
6030.93
6037
6043.03
6049.01
6054.94
6060.84
6066.68
6072.49
6078.25
6083.97
6089.64
6095.27
6100.85
6106.39
6111.89
6117.34
6122.74
6128.11
6133.42
6138.69
6143.92
6149.1
6154.23
6159.32
6164.37
6169.36
6174.32
6179.22
6184.09
6188.9
6193.67
6198.39
6203.07
6207.7
6212.28
6216.82
6221.31
6225.75
6230.15
6234.5
6238.8
6243.06
6247.27
6251.43
6255.54
6259.61
6263.63
6267.6
6271.52
6275.4
6279.23
6283
6286.73
6290.42
6294.05
6297.64
6301.17
6304.66
6308.1
6311.49
6314.82
6318.11
6321.35
6324.54
6327.68
6330.77
6333.81
6336.8
6339.74
6342.63
6345.46
6348.24
6350.98
6353.65
6356.28
6358.85
6361.37
6363.84
6366.25
6368.61
6370.91
6373.15
6375.34
6377.47
6379.54
6381.55
6383.49
6385.38
6387.2
6388.95
6390.64
6392.25
6393.78
6395.23
6396.59
6397.86
6398.9
6400.13
6400.45
6402.45
6402.46
6405.14
6405.14
6408.22
6408.22
6411.66
6411.66
6415.44
6415.44
6419.57
6419.57
6424.07
6424.07
6428.95
6428.95
6434.27
6434.27
6440.09
6440.09
6446.48
6446.48
6453.6
6453.6
6461.68
6461.68
6471.15
6471.15
6483.18
6483.18
